-0.053484 0.992582 0.000000
1.819900 -0.175600 1.000000
0.955357 0.059999 0.000000
0.015581 0.110817 1.000000
0.964549 -0.512765 1.000000
1.988897 0.303850 1.000000
0.535493 0.682576 0.000000
0.920043 -0.581278 1.000000
0.012063 0.295188 1.000000
1.883462 0.284462 1.000000
-0.080649 0.410629 1.000000
1.935128 -0.058972 1.000000
1.315046 -0.565407 1.000000
0.856670 0.892829 0.000000
0.756415 0.471600 0.000000
-0.352421 0.998884 0.000000
0.206815 1.069174 0.000000
0.122804 0.940904 0.000000
-0.424637 0.829682 0.000000
0.968679 0.511446 0.000000
-0.816953 0.469257 0.000000
0.342290 -0.195506 1.000000
0.882543 0.378398 0.000000
0.753372 -0.469593 1.000000
-0.864213 0.125956 0.000000
-0.914173 -0.084941 0.000000
0.819895 0.354354 0.000000
2.060457 0.325694 1.000000
1.614961 -0.200242 1.000000
1.225161 -0.365309 1.000000
0.290407 -0.113991 1.000000
1.248959 -0.637546 1.000000
1.847061 -0.034050 1.000000
0.536635 -0.384535 1.000000
0.024281 0.479448 1.000000
-0.164175 0.992172 0.000000
0.311230 0.943151 0.000000
0.109126 0.165548 1.000000
0.133628 -0.095794 1.000000
0.987235 -0.541573 1.000000
1.171971 0.027662 0.000000
0.372949 -0.230050 1.000000
-0.892698 0.304778 0.000000
-0.937429 0.372698 0.000000
0.987059 0.295045 0.000000
0.691849 1.008508 0.000000
0.533961 1.115033 0.000000
-0.681678 0.606645 0.000000
-0.849182 0.486120 0.000000
0.890888 0.261325 0.000000
1.715716 0.003836 1.000000
-0.019216 -0.108652 1.000000
0.907184 0.149072 0.000000
-0.552567 0.773012 0.000000
-0.041285 0.745514 0.000000
0.065121 0.386950 1.000000
0.683711 0.759822 0.000000
-0.489545 0.605088 0.000000
0.138464 1.104310 0.000000
-0.030209 0.435343 1.000000
0.746448 0.650223 0.000000
-0.393948 0.940579 0.000000
0.390132 -0.269319 1.000000
0.108465 -0.082474 1.000000
1.094469 -0.572426 1.000000
1.447286 -0.310694 1.000000
-0.357740 0.911595 0.000000
1.576807 -0.423397 1.000000
0.663808 0.713426 0.000000
1.927646 -0.298666 1.000000
0.312162 0.908858 0.000000
-0.506364 0.940318 0.000000
-0.960769 0.024163 0.000000
2.002184 0.289166 1.000000
2.047221 0.444941 1.000000
0.554878 -0.518472 1.000000
0.305235 1.011014 0.000000
1.879116 0.276262 1.000000
0.773122 -0.473849 1.000000
1.202289 -0.488467 1.000000
-0.067276 1.081433 0.000000
-0.666151 0.815409 0.000000
1.366535 -0.345246 1.000000
-0.946171 0.295917 0.000000
-0.843803 0.246634 0.000000
0.293568 -0.177622 1.000000
0.151539 -0.016484 1.000000
0.723386 0.557661 0.000000
1.735279 -0.166166 1.000000
0.646195 -0.344885 1.000000
1.701434 -0.272074 1.000000
-0.722108 0.703989 0.000000
0.248917 0.911964 0.000000
1.471167 -0.506479 1.000000
0.948851 0.563159 0.000000
1.887524 0.401801 1.000000
0.431182 -0.475240 1.000000
0.568645 -0.327810 1.000000
-1.100693 0.226289 0.000000
-1.064976 0.271455 0.000000
